analysis6_results.csv
smean  sstd    e1    e2
0.440 0.500  4.00 -2.00
1.000 0.000  4.50 -2.00
1.050 1.650  0.00  0.50
1.140 1.460  0.00  1.00
1.300 1.420  0.50  0.50
1.310 1.830  0.00  0.00
1.340 1.520  0.50  0.00
1.350 1.390  0.00  1.50
1.410 1.630 -0.50  1.50
1.420 1.390  0.50  1.00
1.470 1.420  1.00  0.00
1.490 1.670  0.50 -0.50
1.490 1.940  0.00 -0.50
1.500 1.400  1.00  0.50
1.500 1.820 -0.50  1.00
1.550 1.470  1.00 -0.50
1.570 1.480  0.00  2.00
1.580 1.460  0.50  1.50
1.580 1.590 -0.50  2.00
1.630 1.410  1.50  0.00

analysis3_results.csv
smean  sstd    e1    e2
3.060 2.910  4.50  3.00
3.070 2.870  4.50  5.00
3.070 2.880  5.00  4.00
3.080 2.860  5.00  4.50
3.080 2.900  4.50  4.50
3.080 2.910  4.50  4.00
3.080 2.920  4.50  3.50
3.080 2.920  5.00  3.50
3.080 2.920  5.00  2.50
3.090 2.850  5.00  5.00
3.090 2.930  5.00  3.00
3.090 2.970  4.50  2.50
3.100 2.910  4.00  3.50
3.100 2.960  4.50  2.00
3.110 2.960  5.00  2.00
3.110 2.950  4.00  3.00
3.120 2.960  5.00  0.50
3.120 2.960  5.00  1.50
3.120 2.960  5.00  1.00
3.130 2.910  4.00  4.00

analysis7_results.csv
smean  sstd    e1    e2
1.020 1.370  0.00  0.50
1.060 1.400  0.00  0.00
1.140 1.320  0.50 -0.50
1.170 1.300  0.50  0.00
1.170 1.330  0.50 -1.00
1.220 1.590  0.00 -0.50
1.240 1.360  0.00  1.00
1.300 1.250  0.50  0.50
1.330 1.370  0.50 -1.50
1.380 1.320  0.00  1.50
1.400 1.240  1.00 -0.50
1.400 1.270  1.00 -1.50
1.410 1.250  1.00 -1.00
1.420 1.280  0.50  1.00
1.430 1.240  1.00  0.00
1.460 1.250  1.00  0.50
1.460 1.340  1.00 -2.00
1.470 1.350  0.00  2.00
1.520 1.290  0.50  1.50
1.540 1.240  1.50 -2.00

analysis0_results.csv
smean  sstd    e1    e2
2.690 2.410  1.00 -0.50
2.690 2.410  3.00 -1.50
2.690 2.410  4.00 -2.00
2.690 2.410  5.00 -2.50
2.690 2.410  2.00 -1.00
2.740 2.450  4.50 -2.00
2.750 2.510  2.50 -1.00
2.750 2.510  5.00 -2.00
2.760 2.760  3.50 -2.00
2.770 2.520  3.50 -1.50
2.770 2.780  4.50 -2.50
2.780 2.550  4.00 -1.50
2.800 3.050  4.00 -2.50
2.810 3.050  5.00 -3.00
2.810 3.050  2.50 -1.50
2.820 3.100  3.00 -2.00
2.820 3.100  1.50 -1.00
2.820 3.100  4.50 -3.00
2.820 3.110  5.00 -3.50
2.850 2.580  1.50 -0.50

analysis4_results.csv
smean  sstd    e1    e2
2.390 2.040  1.00 -1.50
2.390 2.040  3.00 -4.50
2.390 2.040  2.00 -3.00
2.400 2.030  3.50 -4.50
2.400 2.030  3.50 -5.00
2.400 2.030  2.50 -4.00
2.410 2.030  1.50 -2.00
2.410 2.030  3.00 -4.00
2.410 2.030  2.50 -3.50
2.410 2.040  1.50 -2.50
2.410 2.040  3.00 -5.00
2.410 2.050  2.50 -4.50
2.410 2.050  4.00 -5.00
2.410 2.050  2.00 -2.50
2.420 2.050  2.00 -3.50
2.420 2.050  3.00 -3.50
2.430 2.060  3.50 -4.00
2.430 2.060  4.00 -4.50
2.430 2.060  2.50 -3.00
2.430 2.060  4.50 -5.00

analysis1_results.csv
smean  sstd    e1    e2
2.810 2.040  5.00 -3.00
2.830 2.520  5.00 -3.50
2.940 2.040  5.00 -2.50
2.940 2.260  4.50 -3.00
2.960 3.230  5.00 -4.00
2.990 2.040  4.50 -2.50
3.020 2.980  4.50 -3.50
3.100 2.110  5.00 -2.00
3.120 2.100  4.00 -2.50
3.170 2.700  4.00 -3.00
3.180 2.080  4.50 -2.00
3.210 4.120  5.00 -4.50
3.240 2.090  4.00 -2.00
3.290 3.870  4.50 -4.00
3.340 2.210  3.50 -2.00
3.350 2.430  3.50 -2.50
3.360 3.530  4.00 -3.50
3.400 2.250  5.00 -1.50
3.440 2.200  4.50 -1.50
3.520 2.220  4.00 -1.50

analysis2_results.csv
smean  sstd    e1    e2
5.190 4.420  2.00  0.00
5.230 4.270  1.50  0.00
5.270 4.420  1.50  0.50
5.280 4.240  1.00  0.50
5.480 4.440  1.00  1.00
5.540 4.390  0.50  1.00
5.550 4.870  2.50  0.00
5.750 4.890  2.00  0.50
5.910 4.540  0.50  1.50
5.940 5.330  3.00  0.00
6.010 4.980  1.50  1.00
6.110 5.400  2.50  0.50
6.360 4.850  0.00  1.50
6.430 5.570  2.00  1.00
6.460 5.060  1.00  1.50
6.500 5.850  3.00  0.50
6.730 5.010  1.00  0.00
6.740 4.870  0.00  2.00
6.820 6.070  2.50  1.00
6.900 5.720  1.50  1.50

analysis5_results.csv
smean  sstd    e1    e2
0.690 1.150  0.50 -0.50
0.690 1.160  0.50  0.00
0.710 1.170  0.00 -0.50
0.720 1.140  0.00  0.00
0.800 1.160  1.00 -0.50
0.810 1.270 -0.50  0.00
0.820 1.180 -0.50 -0.50
0.830 1.190  1.00  0.00
0.840 1.160  0.50 -1.00
0.880 1.300 -0.50  0.50
0.880 1.140  1.00 -1.00
0.890 1.300  0.00  0.50
0.910 1.190  0.00 -1.00
0.940 1.140  1.50 -1.00
0.950 1.180  1.50 -0.50
0.950 1.310  0.50  0.50
0.960 1.190 -1.00 -0.50
0.960 1.200 -0.50 -1.00
0.980 1.090  1.00 -1.50
0.980 1.100  0.50 -1.50

